# MJD	Densities (cm^3)
59000.009722	3.79
59000.010417	3.65
59000.011111	3.67
59000.011806	3.71
59000.012500	3.58
59000.013194	3.66
59000.013889	4.15
59000.014583	4.62
59000.015278	4.58
59000.015972	4.40
59000.016667	4.40
59000.017361	4.56
59000.018056	4.66
59000.018750	5.74
59000.019444	6.06
59000.020139	6.10
59000.020833	3.58
59000.021528	3.43
59000.022222	3.59
59000.022917	3.46
59000.023611	4.46
59000.024306	3.53
59000.025000	3.65
59000.025694	3.35
59000.026389	3.31
59000.027083	3.25
59000.027778	3.64
59000.028472	4.32
59000.029167	2.91
59000.029861	2.92
59000.030556	3.30
59000.031250	2.80
59000.031944	2.84
59000.032639	2.73
59000.033333	2.88
59000.034028	3.00
59000.034722	3.15
59000.035417	3.30
59000.036111	3.21
59000.036806	3.32
59000.037500	3.53
59000.038194	4.17
59000.038889	2.58
59000.039583	2.60
59000.040278	2.63
59000.040972	2.61
59000.041667	2.64
59000.042361	2.59
59000.043056	2.65
59000.043750	2.52
59000.044444	2.58
59000.045139	2.65
59000.045833	2.63
59000.046528	2.66
59000.047222	2.66
59000.047917	2.70
59000.048611	2.53
59000.049306	2.47
59000.050000	2.56
59000.050694	2.59
59000.051389	2.66
59000.052083	2.81
59000.052778	2.68
59000.053472	2.67
59000.054167	2.69
59000.054861	2.51
59000.055556	2.52
59000.056250	2.62
59000.056944	2.83
59000.057639	2.86
59000.058333	2.68
59000.059028	2.63
59000.059722	2.43
59000.060417	2.38
59000.061111	2.30
59000.061806	2.39
59000.062500	2.31
59000.063194	2.26
59000.063889	2.20
59000.064583	2.26
59000.065278	2.25
59000.065972	2.22
59000.066667	2.24
59000.067361	2.15
59000.068056	2.23
59000.068750	2.21
59000.069444	2.03
59000.070139	2.05
59000.070833	1.99
59000.071528	1.95
59000.072222	1.82
59000.072917	1.91
59000.073611	2.00
59000.074306	2.03
59000.075000	2.02
59000.075694	2.12
59000.076389	2.22
59000.077083	2.29
59000.077778	2.40
59000.078472	2.36
59000.079167	2.32
59000.079861	2.50
59000.080556	2.42
59000.081250	2.72
59000.081944	3.32
59000.082639	3.36
59000.083333	3.34
59000.084028	3.46
59000.084722	3.58
59000.085417	3.93
59000.086111	4.05
59000.086806	4.91
59000.087500	4.64
59000.088194	4.77
59000.088889	4.66
59000.089583	4.74
59000.090278	4.89
59000.090972	4.76
59000.091667	4.90
59000.092361	4.99
59000.093056	4.94
59000.093750	4.87
59000.094444	4.91
59000.095139	5.02
59000.095833	5.06
59000.096528	5.05
59000.097222	5.12
59000.097917	5.10
59000.098611	5.07
59000.099306	5.10
59000.100000	5.05
59000.100694	5.16
59000.101389	5.25
59000.102083	4.92
59000.102778	4.90
59000.103472	4.80
59000.104167	4.99
59000.104861	5.12
59000.105556	4.85
59000.106250	4.85
59000.106944	5.12
59000.107639	5.04
59000.108333	4.80
59000.109028	4.86
59000.109722	4.81
59000.110417	4.75
59000.111111	4.77
59000.111806	4.89
59000.112500	5.12
59000.113194	5.10
59000.113889	5.13
59000.114583	5.16
59000.115278	5.19
59000.115972	5.03
59000.116667	5.08
59000.117361	5.14
59000.118056	5.34
59000.118750	5.05
59000.119444	5.05
59000.120139	4.89
59000.120833	4.75
59000.121528	4.78
59000.122222	4.39
59000.122917	4.48
59000.123611	4.53
59000.124306	4.58
59000.125000	4.84
59000.125694	4.99
59000.126389	4.91
59000.127083	5.26
59000.127778	5.77
59000.128472	4.64
59000.129167	4.62
59000.129861	4.77
59000.130556	4.71
59000.131250	4.82
59000.131944	4.92
59000.132639	4.78
59000.133333	4.82
59000.134028	4.81
59000.134722	4.95
59000.135417	4.80
59000.136111	4.61
59000.136806	4.76
59000.137500	4.77
59000.138194	4.88
59000.138889	4.86
59000.139583	4.80
59000.140278	4.78
59000.140972	4.79
59000.141667	4.80
59000.142361	4.62
59000.143056	4.79
59000.143750	4.79
59000.144444	4.82
59000.145139	4.80
59000.145833	4.70
59000.146528	4.58
59000.147222	4.63
59000.147917	4.72
59000.148611	4.76
59000.149306	4.84
59000.150000	4.78
59000.150694	4.59
59000.151389	4.86
59000.152083	4.69
59000.152778	4.81
59000.153472	4.83
59000.154167	5.17
59000.154861	4.98
59000.155556	5.06
59000.156250	4.74
59000.156944	4.79
59000.157639	4.58
59000.158333	4.77
59000.159028	4.77
59000.159722	4.93
59000.160417	4.95
59000.161111	5.34
59000.161806	5.21
59000.162500	5.42
59000.163194	5.25
59000.163889	5.36
59000.164583	5.15
59000.165278	5.29
59000.165972	5.28
59000.166667	5.36
59000.167361	5.13
59000.168056	5.00
59000.168750	4.83
59000.169444	4.93
59000.170139	4.87
59000.170833	4.79
59000.171528	4.71
59000.172222	4.51
59000.172917	4.71
59000.173611	4.51
59000.174306	4.64
59000.175000	4.69
59000.175694	4.86
59000.176389	4.84
59000.177083	4.81
59000.177778	4.73
59000.178472	4.78
59000.179167	4.61
59000.179861	4.51
59000.180556	4.49
59000.181250	4.66
59000.181944	4.68
59000.182639	4.67
59000.183333	4.71
59000.184028	4.65
59000.184722	4.68
59000.185417	4.64
59000.186111	4.51
59000.186806	4.57
59000.187500	4.55
59000.188194	4.54
59000.188889	4.55
59000.189583	4.47
59000.190278	4.50
59000.190972	4.46
59000.191667	4.40
59000.192361	4.18
59000.193056	4.23
59000.193750	4.21
59000.194444	4.49
59000.195139	4.43
59000.195833	4.49
59000.196528	4.42
59000.197222	4.71
59000.197917	4.33
59000.198611	4.40
59000.199306	4.52
59000.200000	4.41
59000.200694	4.48
59000.201389	4.30
59000.202083	4.02
59000.202778	4.17
59000.203472	4.11
59000.204167	4.07
59000.204861	4.02
59000.205556	3.91
59000.206250	4.11
59000.206944	4.84
59000.207639	4.42
59000.208333	4.28
59000.209028	4.40
59000.209722	4.30
59000.210417	4.39
59000.211111	4.31
59000.211806	4.32
59000.212500	4.74
59000.213194	4.54
59000.213889	4.56
59000.214583	4.55
59000.215278	4.59
59000.215972	4.63
59000.216667	4.68
59000.217361	4.57
59000.218056	4.60
59000.218750	4.82
59000.219444	4.80
59000.220139	4.72
59000.220833	4.65
59000.221528	4.68
59000.222222	4.58
59000.222917	4.63
59000.223611	4.56
59000.224306	4.67
59000.225000	4.41
59000.225694	4.41
59000.226389	4.61
59000.227083	4.57
59000.227778	4.44
59000.228472	4.55
59000.229167	4.44
59000.229861	4.39
59000.230556	4.38
59000.231250	4.39
59000.231944	4.48
59000.232639	4.67
59000.233333	4.45
59000.234028	4.42
59000.234722	4.16
59000.235417	4.22
59000.236111	4.23
59000.236806	4.18
59000.237500	4.15
59000.238194	4.26
59000.238889	4.25
59000.239583	4.38
59000.240278	4.06
59000.240972	4.03
59000.241667	4.20
59000.242361	4.09
59000.243056	4.18
59000.243750	4.58
59000.244444	4.36
59000.245139	4.41
59000.245833	4.35
59000.246528	4.38
59000.247222	4.34
59000.247917	4.14
59000.248611	4.20
59000.249306	4.45
59000.250000	4.25
59000.250694	4.72
59000.251389	4.71
59000.252083	4.66
59000.252778	4.29
59000.253472	4.39
59000.254167	4.32
59000.254861	4.22
59000.255556	4.12
59000.256250	4.07
59000.256944	4.06
59000.257639	4.09
59000.258333	4.07
59000.259028	3.97
59000.259722	4.07
59000.260417	4.14
59000.261111	4.20
59000.261806	4.11
59000.262500	4.01
59000.263194	3.91
59000.263889	4.10
59000.264583	4.12
59000.265278	4.14
59000.265972	4.19
59000.266667	4.23
59000.267361	4.21
59000.268056	4.11
59000.268750	4.30
59000.269444	4.42
59000.270139	4.38
59000.270833	4.36
59000.271528	4.49
59000.272222	4.46
59000.272917	4.20
59000.273611	4.19
59000.274306	4.32
59000.275000	4.50
59000.275694	4.05
59000.276389	4.59
59000.277083	4.37
59000.277778	4.76
59000.278472	4.36
59000.279167	4.44
59000.279861	4.28
59000.280556	4.45
59000.281250	4.47
59000.281944	4.51
59000.282639	4.61
59000.283333	4.69
59000.284028	4.42
59000.284722	4.35
59000.285417	4.25
59000.286111	4.19
59000.286806	4.19
59000.287500	4.01
59000.288194	4.19
59000.288889	4.22
59000.289583	4.14
59000.290278	3.98
59000.290972	3.99
59000.291667	4.29
59000.292361	4.72
59000.293056	4.61
59000.293750	4.61
59000.294444	4.75
59000.295139	4.65
59000.295833	4.61
59000.296528	4.69
59000.297222	4.60
59000.297917	4.65
59000.298611	4.64
59000.299306	4.46
59000.300000	4.51
59000.300694	4.77
59000.301389	4.63
59000.302083	5.17
59000.302778	4.93
59000.303472	4.84
59000.304167	4.75
59000.304861	4.73
59000.305556	4.79
59000.306250	4.92
59000.306944	4.56
59000.307639	4.57
59000.308333	4.67
59000.309028	4.57
59000.309722	4.75
59000.310417	4.79
59000.311111	4.80
59000.311806	4.77
59000.312500	4.73
59000.313194	4.88
59000.313889	4.85
59000.314583	4.79
59000.315278	4.78
59000.315972	4.92
59000.316667	4.99
59000.317361	4.72
59000.318056	4.81
59000.318750	4.91
59000.319444	4.82
59000.320139	4.81
59000.320833	4.88
59000.321528	4.90
59000.322222	4.89
59000.322917	4.91
59000.323611	4.83
59000.324306	4.97
59000.325000	4.86
59000.325694	4.83
59000.326389	5.03
59000.327083	4.90
59000.327778	4.73
59000.328472	4.62
59000.329167	4.48
59000.329861	4.42
59000.330556	4.44
59000.331250	4.60
59000.331944	4.72
59000.332639	4.56
59000.333333	4.55
59000.334028	4.66
59000.334722	4.65
59000.335417	4.73
59000.336111	4.69
59000.336806	4.86
59000.337500	4.80
59000.338194	4.73
59000.338889	4.76
59000.339583	4.91
59000.340278	4.74
59000.340972	4.76
59000.341667	4.81
59000.342361	4.73
59000.343056	4.69
59000.343750	4.94
59000.344444	4.71
59000.345139	4.79
59000.345833	4.62
59000.346528	4.91
59000.347222	4.90
59000.347917	4.92
59000.348611	4.76
59000.349306	4.55
59000.350000	4.47
59000.350694	4.69
59000.351389	4.71
59000.352083	4.50
59000.352778	4.31
59000.353472	4.31
59000.354167	4.33
59000.354861	4.27
59000.355556	4.33
59000.356250	4.05
59000.356944	4.22
59000.357639	4.19
59000.358333	4.27
59000.359028	4.43
59000.359722	4.54
59000.360417	4.61
59000.361111	4.62
59000.361806	4.45
59000.362500	4.52
59000.363194	4.44
59000.363889	4.35
59000.364583	4.32
59000.365278	4.40
59000.365972	4.49
59000.366667	4.42
59000.367361	4.41
59000.368056	4.37
59000.368750	4.40
59000.369444	4.44
59000.370139	4.46
59000.370833	4.58
59000.371528	4.51
59000.372222	4.55
59000.372917	4.63
59000.373611	4.62
59000.374306	4.47
59000.375000	4.86
59000.375694	4.98
59000.376389	4.84
59000.377083	4.83
59000.377778	4.87
59000.378472	4.81
59000.379167	4.62
59000.379861	4.65
59000.380556	4.60
59000.381250	4.67
59000.381944	4.77
59000.382639	4.81
59000.383333	4.66
59000.384028	4.67
59000.384722	4.74
59000.385417	4.62
59000.386111	4.87
59000.386806	4.65
59000.387500	4.68
59000.388194	4.65
59000.388889	4.58
59000.389583	4.45
59000.390278	4.46
59000.390972	4.37
59000.391667	4.45
59000.392361	4.61
59000.393056	4.78
59000.393750	4.82
59000.394444	4.76
59000.395139	4.68
59000.395833	4.69
59000.396528	5.10
59000.397222	5.04
59000.397917	5.00
59000.398611	4.90
59000.399306	4.89
59000.400000	5.01
59000.400694	4.88
59000.401389	4.76
59000.402083	4.89
59000.402778	4.76
59000.403472	4.71
59000.404167	4.67
59000.404861	4.77
59000.405556	4.71
59000.406250	4.55
59000.406944	4.58
59000.407639	4.87
59000.408333	5.08
59000.409028	4.92
59000.409722	4.87
59000.410417	4.66
59000.411111	4.52
59000.411806	4.54
59000.412500	4.56
59000.413194	4.65
59000.413889	4.53
59000.414583	4.54
59000.415278	4.56
59000.415972	4.62
59000.416667	4.58
59000.417361	4.55
59000.418056	4.72
59000.418750	4.77
59000.419444	4.76
59000.420139	4.57
59000.420833	4.79
59000.421528	4.83
59000.422222	4.75
59000.422917	4.47
59000.423611	4.51
59000.424306	4.71
59000.425000	4.48
59000.425694	4.58
59000.426389	4.81
59000.427083	4.95
59000.427778	4.71
59000.428472	4.73
59000.429167	4.80
59000.429861	4.91
59000.430556	4.85
59000.431250	5.08
59000.431944	5.06
59000.432639	5.25
59000.433333	5.15
59000.434028	5.09
59000.434722	4.57
59000.435417	4.36
59000.436111	4.21
59000.436806	4.07
59000.437500	4.14
59000.438194	4.30
59000.438889	4.20
59000.439583	4.16
59000.440278	4.21
59000.440972	4.16
59000.441667	4.16
59000.442361	4.33
59000.443056	4.61
59000.443750	4.36
59000.444444	4.26
59000.445139	4.34
59000.445833	4.28
59000.446528	4.23
59000.447222	4.26
59000.447917	4.26
59000.448611	4.20
59000.449306	4.25
59000.450000	4.14
59000.450694	4.11
59000.451389	4.33
59000.452083	4.46
59000.452778	4.44
59000.453472	4.51
59000.454167	4.45
59000.454861	4.50
59000.455556	4.75
59000.456250	4.75
59000.456944	4.91
59000.457639	5.01
59000.458333	4.93
59000.459028	4.86
59000.459722	4.81
59000.460417	4.80
59000.461111	4.84
59000.461806	4.72
59000.462500	4.86
59000.463194	4.98
59000.463889	4.70
59000.464583	4.57
59000.465278	4.52
59000.465972	4.54
59000.466667	4.39
59000.467361	4.44
59000.468056	4.62
59000.468750	4.55
59000.469444	4.42
59000.470139	4.31
59000.470833	4.35
59000.471528	4.28
59000.472222	4.34
59000.472917	4.33
59000.473611	4.32
59000.474306	4.41
59000.475000	4.28
59000.475694	5.07
59000.476389	5.45
59000.477083	5.38
59000.477778	5.59
59000.478472	4.91
59000.479167	5.45
59000.479861	5.69
59000.480556	5.74
59000.481250	5.56
59000.481944	5.93
59000.482639	5.87
59000.483333	5.62
59000.484028	4.84
59000.484722	4.86
59000.485417	4.38
59000.486111	4.36
59000.486806	4.52
59000.487500	4.47
59000.488194	4.46
59000.488889	4.75
59000.489583	4.33
59000.490278	4.57
59000.490972	4.75
59000.491667	4.89
59000.492361	5.02
59000.493056	5.06
59000.493750	5.36
59000.494444	5.57
59000.495139	5.70
59000.495833	5.63
59000.496528	5.63
59000.497222	5.60
59000.497917	5.29
59000.498611	5.40
59000.499306	5.41
59000.500000	5.37
59000.500694	5.40
59000.501389	5.45
59000.502083	5.51
59000.502778	5.35
59000.503472	5.31
59000.504167	5.20
59000.504861	5.11
59000.505556	5.52
59000.506250	5.28
59000.506944	5.41
59000.507639	5.38
59000.508333	5.36
59000.509028	5.54
59000.509722	5.60
59000.510417	5.57
59000.511111	5.76
59000.511806	5.78
59000.512500	5.72
59000.513194	5.76
59000.513889	5.46
59000.514583	5.13
59000.515278	5.14
59000.515972	5.27
59000.516667	5.09
59000.517361	5.06
59000.518056	4.98
59000.518750	4.96
59000.519444	4.97
59000.520139	4.99
59000.520833	4.89
59000.521528	4.90
59000.522222	4.75
59000.522917	4.80
59000.523611	4.80
59000.524306	5.10
59000.525000	5.07
59000.525694	5.31
59000.526389	5.36
59000.527083	5.31
59000.527778	5.24
59000.528472	5.27
59000.529167	5.17
59000.529861	5.19
59000.530556	5.35
59000.531250	5.27
59000.531944	5.34
59000.532639	5.17
59000.533333	5.20
59000.534028	4.79
59000.534722	4.65
59000.535417	4.93
59000.536111	5.02
59000.536806	4.74
59000.537500	4.70
59000.538194	5.09
59000.538889	5.50
59000.539583	5.42
59000.540278	5.44
59000.540972	5.33
59000.541667	5.27
59000.542361	5.16
59000.543056	5.27
59000.543750	5.30
59000.544444	5.42
59000.545139	5.08
59000.545833	5.17
59000.546528	5.13
59000.547222	5.25
59000.547917	4.90
59000.548611	4.63
59000.549306	4.61
59000.550000	4.54
59000.550694	4.45
59000.551389	4.48
59000.552083	4.56
59000.552778	4.48
59000.553472	4.54
59000.554167	4.62
59000.554861	4.65
59000.555556	4.58
59000.556250	4.41
59000.556944	4.72
59000.557639	4.88
59000.558333	4.82
59000.559028	4.74
59000.559722	4.79
59000.560417	4.87
59000.561111	4.87
59000.561806	4.85
59000.562500	5.07
59000.563194	4.94
59000.563889	4.91
59000.564583	4.67
59000.565278	4.73
59000.565972	4.81
59000.566667	4.77
59000.567361	4.73
59000.568056	4.66
59000.568750	4.80
59000.569444	4.78
59000.570139	4.81
59000.570833	4.82
59000.571528	4.96
59000.572222	4.94
59000.572917	5.06
59000.573611	5.14
59000.574306	5.20
59000.575000	5.02
59000.575694	5.07
59000.576389	4.97
59000.577083	4.77
59000.577778	4.97
59000.578472	4.81
59000.579167	4.86
59000.579861	4.91
59000.580556	4.80
59000.581250	4.80
59000.581944	4.90
59000.582639	4.82
59000.583333	4.84
59000.584028	4.73
59000.584722	4.81
59000.585417	4.81
59000.586111	4.86
59000.586806	4.83
59000.587500	4.89
59000.588194	4.83
59000.588889	4.93
59000.589583	4.97
59000.590278	4.93
59000.590972	4.86
59000.591667	4.98
59000.592361	5.01
59000.593056	4.98
59000.593750	4.96
59000.594444	4.96
59000.595139	5.03
59000.595833	5.07
59000.596528	4.95
59000.597222	4.97
59000.597917	4.86
59000.598611	4.91
59000.599306	4.94
59000.600000	5.02
59000.600694	4.67
59000.601389	4.64
59000.602083	4.77
59000.602778	4.65
59000.603472	4.72
59000.604167	4.89
59000.604861	5.03
59000.605556	4.75
59000.606250	4.87
59000.606944	4.72
59000.607639	4.73
59000.608333	4.77
59000.609028	4.80
59000.609722	4.81
59000.610417	4.77
59000.611111	4.79
59000.611806	4.95
59000.612500	4.81
59000.613194	4.69
59000.613889	4.87
59000.614583	4.78
59000.615278	4.79
59000.615972	4.78
59000.616667	4.81
59000.617361	4.85
59000.618056	4.89
59000.618750	4.93
59000.619444	4.94
59000.620139	4.92
59000.620833	5.01
59000.621528	5.04
59000.622222	4.93
59000.622917	5.07
59000.623611	5.12
59000.624306	5.13
59000.625000	5.23
59000.625694	5.07
59000.626389	5.10
59000.627083	5.19
59000.627778	5.12
59000.628472	4.99
59000.629167	5.05
59000.629861	4.90
59000.630556	5.01
59000.631250	4.96
59000.631944	4.92
59000.632639	4.91
59000.633333	4.89
59000.634028	4.93
59000.634722	4.85
59000.635417	4.73
59000.636111	4.69
59000.636806	4.63
59000.637500	4.98
59000.638194	4.93
59000.638889	4.86
59000.639583	4.87
59000.640278	4.86
59000.640972	4.89
59000.641667	4.86
59000.642361	4.87
59000.643056	4.83
59000.643750	4.83
59000.644444	4.94
59000.645139	4.94
59000.645833	5.00
59000.646528	4.96
59000.647222	4.89
59000.647917	4.84
59000.648611	4.98
59000.649306	4.89
59000.650000	4.91
59000.650694	4.75
59000.651389	4.74
59000.652083	4.69
59000.652778	4.57
59000.653472	4.65
59000.654167	4.81
59000.654861	4.81
59000.655556	4.76
59000.656250	4.79
59000.656944	4.88
59000.657639	4.87
59000.658333	4.87
59000.659028	4.83
59000.659722	4.89
59000.660417	4.77
59000.661111	4.69
59000.661806	4.77
59000.662500	4.65
59000.663194	4.53
59000.663889	4.41
59000.664583	4.51
59000.665278	4.50
59000.665972	4.40
59000.666667	4.53
59000.667361	4.59
59000.668056	4.78
59000.668750	4.73
59000.669444	4.62
59000.670139	4.64
59000.670833	4.65
59000.671528	4.59
59000.672222	4.83
59000.672917	4.84
59000.673611	4.76
59000.674306	4.54
59000.675000	4.66
59000.675694	4.79
59000.676389	5.18
59000.677083	4.97
59000.677778	5.18
59000.678472	5.06
59000.679167	5.17
59000.679861	5.19
59000.680556	4.91
59000.681250	4.70
59000.681944	4.67
59000.682639	4.78
59000.683333	4.67
59000.684028	4.71
59000.684722	4.77
59000.685417	4.72
59000.686111	4.56
59000.686806	4.61
59000.687500	4.57
59000.688194	4.59
59000.688889	4.48
59000.689583	4.67
59000.690278	4.75
59000.690972	4.56
59000.691667	4.59
59000.692361	4.61
59000.693056	4.57
59000.693750	4.53
59000.694444	4.61
59000.695139	4.50
59000.695833	4.41
59000.696528	4.92
59000.697222	4.31
59000.697917	4.46
59000.698611	4.66
59000.699306	4.58
59000.700000	4.34
59000.700694	4.46
59000.701389	4.54
59000.702083	4.41
59000.702778	4.31
59000.703472	4.49
59000.704167	4.47
59000.704861	4.56
59000.705556	4.73
59000.706250	4.52
59000.706944	4.53
59000.707639	4.63
59000.708333	4.40
59000.709028	4.37
59000.709722	4.45
59000.710417	4.36
59000.711111	4.37
59000.711806	4.38
59000.712500	4.42
59000.713194	4.43
59000.713889	4.39
59000.714583	4.38
59000.715278	4.27
59000.715972	4.19
59000.716667	4.35
59000.717361	4.32
59000.718056	4.09
59000.718750	4.14
59000.719444	4.37
59000.720139	4.33
59000.720833	4.30
59000.721528	4.32
59000.722222	4.29
59000.722917	4.29
59000.723611	4.36
59000.724306	4.26
59000.725000	4.30
59000.725694	4.36
59000.726389	4.29
59000.727083	4.30
59000.727778	4.20
59000.728472	4.30
59000.729167	4.24
59000.729861	4.42
59000.730556	4.24
59000.731250	4.25
59000.731944	4.17
59000.732639	4.25
59000.733333	4.16
59000.734028	4.09
59000.734722	4.13
59000.735417	4.10
59000.736111	4.27
59000.736806	4.32
59000.737500	4.25
59000.738194	4.25
59000.738889	4.43
59000.739583	4.28
59000.740278	4.25
59000.740972	4.23
59000.741667	4.24
59000.742361	4.22
59000.743056	4.16
59000.743750	4.14
59000.744444	4.20
59000.745139	3.98
59000.745833	3.94
59000.746528	3.97
59000.747222	4.01
59000.747917	3.98
59000.748611	3.66
59000.749306	3.46
59000.750000	4.10
59000.750694	4.07
59000.751389	3.52
59000.752083	3.55
59000.752778	3.55
59000.753472	3.82
59000.754167	3.77
59000.754861	3.83
59000.755556	3.84
59000.756250	3.92
59000.756944	3.82
59000.757639	4.03
59000.758333	3.99
59000.759028	3.89
59000.759722	4.00
59000.760417	3.79
59000.761111	3.92
59000.761806	3.76
59000.762500	3.84
59000.763194	3.87
59000.763889	4.07
59000.764583	3.99
59000.765278	3.83
59000.765972	3.82
59000.766667	3.93
59000.767361	3.93
59000.768056	3.99
59000.768750	3.92
59000.769444	3.68
59000.770139	3.71
59000.770833	3.45
59000.771528	3.06
59000.772222	3.31
59000.772917	3.64
59000.773611	3.42
59000.774306	3.63
59000.775000	3.53
59000.775694	3.37
59000.776389	3.32
59000.777083	3.30
59000.777778	3.26
59000.778472	3.22
59000.779167	3.24
59000.779861	3.22
59000.780556	3.17
59000.781250	3.07
59000.781944	3.09
59000.782639	2.97
59000.783333	2.90
59000.784028	3.15
59000.784722	3.23
59000.785417	3.28
59000.786111	3.01
59000.786806	3.18
59000.787500	3.23
59000.788194	3.56
59000.788889	3.62
59000.789583	3.47
59000.790278	3.28
59000.790972	3.37
59000.791667	3.31
59000.792361	3.40
59000.793056	3.23
59000.793750	3.43
59000.794444	3.14
59000.795139	3.43
59000.795833	3.48
59000.796528	3.42
59000.797222	3.45
59000.797917	3.51
59000.798611	3.78
59000.799306	3.56
59000.800000	3.67
59000.800694	3.64
59000.801389	3.53
59000.802083	3.67
59000.802778	3.58
59000.803472	3.64
59000.804167	3.52
59000.804861	3.60
59000.805556	3.65
59000.806250	3.56
59000.806944	3.58
59000.807639	3.53
59000.808333	3.67
59000.809028	3.60
59000.809722	3.56
59000.810417	3.56
59000.811111	3.70
59000.811806	3.67
59000.812500	3.43
59000.813194	3.34
59000.813889	3.48
59000.814583	3.36
59000.815278	3.40
59000.815972	3.37
59000.816667	3.50
59000.817361	3.45
59000.818056	3.57
59000.818750	3.39
59000.819444	3.50
59000.820139	3.44
59000.820833	3.39
59000.821528	3.34
59000.822222	3.16
59000.822917	3.26
59000.823611	3.30
59000.824306	3.28
59000.825000	3.24
59000.825694	3.25
59000.826389	3.26
59000.827083	3.23
59000.827778	3.31
59000.828472	3.45
59000.829167	3.33
59000.829861	3.64
59000.830556	3.65
59000.831250	3.54
59000.831944	3.63
59000.832639	3.61
59000.833333	3.61
59000.834028	3.75
59000.834722	3.45
59000.835417	3.48
59000.836111	3.52
59000.836806	3.52
59000.837500	3.52
59000.838194	3.54
59000.838889	3.51
59000.839583	3.65
59000.840278	3.45
59000.840972	3.46
59000.841667	3.53
59000.842361	3.59
59000.843056	3.55
59000.843750	3.68
59000.844444	3.67
59000.845139	3.59
59000.845833	3.49
59000.846528	3.50
59000.847222	3.39
59000.847917	3.46
59000.848611	3.27
59000.849306	3.38
59000.850000	3.26
59000.850694	3.53
59000.851389	3.64
59000.852083	3.58
59000.852778	3.55
59000.853472	3.52
59000.854167	3.48
59000.854861	3.36
59000.855556	3.44
59000.856250	3.33
59000.856944	3.20
59000.857639	3.33
59000.858333	3.26
59000.859028	3.34
59000.859722	3.39
59000.860417	3.32
59000.861111	3.32
59000.861806	3.37
59000.862500	3.68
59000.863194	3.30
59000.863889	3.29
59000.864583	3.37
59000.865278	3.36
59000.865972	3.28
59000.866667	3.25
59000.867361	3.33
59000.868056	3.39
59000.868750	3.49
59000.869444	3.47
59000.870139	3.34
59000.870833	3.39
59000.871528	3.28
59000.872222	3.28
59000.872917	3.30
59000.873611	3.25
59000.874306	3.35
59000.875000	3.31
59000.875694	3.41
59000.876389	3.34
59000.877083	3.52
59000.877778	3.46
59000.878472	3.51
59000.879167	3.50
59000.879861	3.43
59000.880556	3.38
59000.881250	3.46
59000.881944	3.49
59000.882639	4.23
59000.883333	4.24
59000.884028	3.84
59000.884722	3.32
59000.885417	3.46
59000.886111	3.39
59000.886806	3.36
59000.887500	3.41
59000.888194	3.35
59000.888889	3.41
59000.889583	3.40
59000.890278	3.26
59000.890972	3.28
59000.891667	3.21
59000.892361	3.42
59000.893056	3.41
59000.893750	3.34
59000.894444	3.40
59000.895139	3.67
59000.895833	3.83
59000.896528	4.18
59000.897222	4.20
59000.897917	3.63
59000.898611	3.66
59000.899306	3.59
59000.900000	3.30
59000.900694	3.34
59000.901389	3.39
59000.902083	3.59
59000.902778	3.44
59000.903472	3.50
59000.904167	3.53
59000.904861	3.47
59000.905556	3.52
59000.906250	3.66
59000.906944	3.68
59000.907639	3.63
59000.908333	3.77
59000.909028	3.66
59000.909722	3.47
59000.910417	3.41
59000.911111	3.39
59000.911806	3.44
59000.912500	3.42
59000.913194	3.42
59000.913889	3.58
59000.914583	3.55
59000.915278	3.53
59000.915972	3.42
59000.916667	3.49
59000.917361	3.36
59000.918056	3.40
59000.918750	3.43
59000.919444	3.39
59000.920139	3.41
59000.920833	3.27
59000.921528	3.40
59000.922222	3.73
59000.922917	3.36
59000.923611	3.41
59000.924306	3.17
59000.925000	4.00
59000.925694	4.17
59000.926389	4.12
59000.927083	4.21
59000.927778	3.51
59000.928472	4.06
59000.929167	2.94
59000.929861	3.09
59000.930556	3.19
59000.931250	3.28
59000.931944	3.23
59000.932639	3.39
59000.933333	3.29
59000.934028	3.29
59000.934722	3.26
59000.935417	3.51
59000.936111	3.42
59000.936806	3.52
59000.937500	3.39
59000.938194	3.50
59000.938889	3.65
59000.939583	3.43
59000.940278	3.27
59000.940972	3.12
59000.941667	3.81
59000.942361	3.01
59000.943056	3.04
59000.943750	3.01
59000.944444	3.02
59000.945139	3.15
59000.945833	3.17
59000.946528	2.94
59000.947222	3.13
59000.947917	2.89
59000.948611	2.84
59000.949306	2.96
59000.950000	3.03
59000.950694	3.04
59000.951389	3.05
59000.952083	3.04
59000.952778	3.06
59000.953472	3.09
59000.954167	3.06
59000.954861	3.11
59000.955556	3.07
59000.956250	3.05
59000.956944	2.99
59000.957639	2.99
59000.958333	2.82
59000.959028	3.22
59000.959722	3.23
59000.960417	3.15
59000.961111	3.17
59000.961806	3.25
59000.962500	3.23
59000.963194	3.08
59000.963889	3.20
59000.964583	3.16
59000.965278	3.16
59000.965972	3.09
59000.966667	3.20
59000.967361	3.16
59000.968056	3.29
59000.968750	3.06
59000.969444	3.34
59000.970139	3.49
59000.970833	3.40
59000.971528	3.33
59000.972222	3.40
59000.972917	3.46
59000.973611	3.50
59000.974306	3.58
59000.975000	3.42
59000.975694	3.38
59000.976389	3.37
59000.977083	3.47
59000.977778	3.33
59000.978472	3.29
59000.979167	3.42
59000.979861	3.46
59000.980556	3.42
59000.981250	3.35
59000.981944	3.45
59000.982639	3.38
59000.983333	3.32
59000.984028	3.40
59000.984722	3.42
59000.985417	3.35
59000.986111	3.35
59000.986806	3.37
59000.987500	3.37
59000.988194	3.39
59000.988889	3.39
59000.989583	3.45
59000.990278	3.35
59000.990972	3.34
59000.991667	3.28
59000.992361	3.30
59000.993056	3.26
59000.993750	3.28
59000.994444	3.42
59000.995139	3.32
59000.995833	3.32
59000.996528	3.19
59000.997222	3.23
59000.997917	3.35
59000.998611	3.41
59000.999306	3.31
